# Array shape: (9, 7, 7)
1.000000 1.000000 0.233044 0.000000 0.002119 0.000000 0.000000
0.000000 0.000000 0.750000 0.000000 0.000000 0.000000 0.000000
0.000000 0.000000 0.000000 0.600000 0.000000 0.000000 0.000000
0.000000 0.000000 0.000000 0.000000 0.406250 0.000000 0.000000
0.000000 0.000000 0.016956 0.400000 0.529131 1.000000 0.000000
0.000000 0.000000 0.000000 0.000000 0.062500 0.000000 1.000000
0.000000 0.000000 0.000000 0.000000 -0.000000 -0.000000 -0.000000
# New slice
0.571429 1.000000 0.000000 0.000000 0.000000 0.000000 0.000000
0.142857 0.000000 0.000000 0.000000 0.000000 0.000000 0.000000
0.269739 0.000000 0.000000 0.000000 0.091524 0.000000 0.000000
0.000000 0.000000 1.000000 0.000000 0.235294 0.000000 0.000000
0.000000 0.000000 0.000000 1.000000 0.000000 1.000000 0.000000
0.000000 0.000000 0.000000 0.000000 0.470588 0.000000 1.000000
0.015976 0.000000 0.000000 0.000000 0.202593 0.000000 0.000000
# New slice
0.999774 0.999803 0.000681 0.000154 0.000983 0.000052 0.241481
0.000040 0.000042 0.000093 0.000112 0.033221 0.000045 0.000070
0.000048 0.000031 0.000370 0.091907 0.123671 0.000046 0.000059
0.000045 0.000041 0.517733 0.160445 0.305456 0.000040 0.000106
0.000050 0.000042 0.480870 0.747310 0.104547 0.999780 0.000008
0.000043 0.000041 0.000254 0.000072 0.432122 0.000038 0.758276
0.000000 0.000000 0.000000 0.000000 0.000000 0.000000 0.000000
# New slice
0.999774 0.999803 0.000681 0.000154 0.000983 0.000052 0.241481
0.000040 0.000042 0.000093 0.000112 0.033221 0.000045 0.000070
0.000048 0.000031 0.000370 0.091907 0.123671 0.000046 0.000059
0.000045 0.000041 0.517733 0.160445 0.305456 0.000040 0.000106
0.000050 0.000042 0.480870 0.747310 0.104547 0.999780 0.000008
0.000043 0.000041 0.000254 0.000072 0.432122 0.000038 0.758276
0.000000 0.000000 0.000000 0.000000 0.000000 0.000000 0.000000
# New slice
0.895793 0.936027 0.000043 0.000030 0.000024 0.000024 0.000029
0.103495 0.000117 0.000084 0.000132 0.040958 0.000056 0.000041
0.000144 0.063515 0.000065 0.595396 0.000116 0.000044 0.000038
0.000134 0.000111 0.999664 0.000072 0.461492 0.000042 0.000037
0.000247 0.000116 0.000074 0.404274 0.266764 0.999785 0.000041
0.000187 0.000114 0.000070 0.000097 0.230645 0.000049 0.999814
0.000000 0.000000 0.000000 0.000000 0.000000 0.000000 0.000000
# New slice
0.777778 1.000000 0.000000 0.000000 0.000000 0.000000 0.000000
0.000000 0.000000 0.222222 0.000000 0.000000 0.000000 0.000000
0.074155 0.000000 0.592512 0.000000 0.000000 0.000000 0.000000
0.000000 0.000000 0.000000 0.000000 0.592593 0.000000 0.000000
0.148067 0.000000 0.185266 1.000000 0.000000 0.250000 0.000000
0.000000 0.000000 0.000000 0.000000 0.407407 0.000000 1.000000
0.000000 0.000000 0.000000 0.000000 0.000000 0.750000 0.000000
# New slice
0.888855 0.999966 0.000006 0.000004 0.000004 0.000005 0.000019
0.000030 0.000007 0.000006 0.000009 0.082247 0.000009 0.004250
0.035776 0.000005 0.000008 0.000007 0.268831 0.000009 0.204302
0.000073 0.000007 0.999964 0.000008 0.416611 0.000008 0.000111
0.075171 0.000007 0.000008 0.999965 0.012502 0.999962 0.004056
0.000095 0.000007 0.000008 0.000008 0.219804 0.000008 0.787262
0.000000 0.000000 0.000000 0.000000 0.000000 0.000000 0.000000
# New slice
1.000000 0.000000 0.125000 0.000000 0.000000 0.000000 0.000000
0.000000 0.000000 0.375000 0.000000 0.000000 0.000000 0.000000
0.000000 1.000000 0.500000 0.187500 0.000000 0.000000 0.000000
0.000000 0.000000 0.000000 0.000000 0.750000 0.000000 0.000000
0.000000 0.000000 0.000000 0.812500 0.000000 1.000000 0.000000
0.000000 0.000000 0.000000 0.000000 0.250000 0.000000 1.000000
0.000000 0.000000 0.000000 0.000000 0.000000 0.000000 0.000000
# New slice
0.909091 1.000000 0.000000 0.000000 0.000000 0.000000 0.000000
0.000000 0.000000 0.333333 0.000000 0.000000 0.000000 0.000000
0.061082 0.000000 0.313531 0.000000 0.000000 0.458860 0.000000
0.000000 0.000000 0.000000 0.000000 0.721739 0.000000 0.000000
0.000000 0.000000 0.000000 1.000000 0.000000 0.333333 0.000000
0.029827 0.000000 0.353136 0.000000 0.278261 0.174473 1.000000
0.000000 0.000000 0.000000 0.000000 0.000000 0.033333 0.000000
# New slice
